121580
69166
15118
58653
17270
109951
71040
62137
67763
64472
36566
79012
23136
93555
97885
77351
45099
52560
112604
35696
21938
45726
106773
91461
102979
125897
49906
87936
58092
77435
105355
48600
15530
120473
107254
32800
99353
47222
94937
36044
111694
431
115057
3758
93987
81870
81109
8014
3359
62641
43710
25297
108367
19411
116758
80275
14236
35592
37139
72328
113028
11422
120929
128558
824
97111
30286
100177
13261
125224
5149
124955
125655
120206
128713
88570
71005
78750
96585
74364
10319
9223
99661
118687
28635
85348
67890
42871
120940
105029
115200
102896
116452
105057
100382
117276
71096
130669
86381
84357
124821
91530
78240
119404
80665
75881
76903
20598
23559
42416
94962
33878
51639
63551
21493
80274
17827
89383
123146
7696
63341
107274
110592
48721
81259
79903
34925
21283
79500
121306
105640
73249
81764
52808
61581
31357
128689
7412
51955
21176
49828
15845
55054
101468
79397
76548
50670
97224
34859
42744
104920
98200
18946
84441
15849
100205
33272
50774
121488
112772
41008
96056
54949
122773
17792
116530
23058
15409
123943
75014
36585
42699
90859
91640
13095
39184
37116
63766
5337
71975
106510
110257
39104
125457
63626
54953
94590
96898
105728
85007
78598
15664
49991
2475
7365
67784
119006
30424
83193
111877
105438
119779
23504
65225
80347
36600
104410
117463
100366
109747
58366
75804
88932
97470
70189
21487
21352
33708
118385
127080
118715
65912
11672
37634
68387
19038
105418
56321
49462
57540
37126
23828
46247
60631
89053
126594
97231
62391
112985
66525
41066
40279
11257
129999
6678
81447
20414
28030
115155
7727
24038
102798
73639
35710
9360
10955
54748
114779
67276
104210
41247
104403
128038
87494
33962
86020
83016
121
17339
64929
66646
58406
105208
77903
57333
111886
28278
77747
8844
12361
85474
32882
115159
28042
68593
124520
38997
123341
108227
106273
96480
18402
79604
93446
105896
113566
48394
57840
113687
65734
122769
49261
124140
96905
127165
50401
77720
24371
128148
86564
36733
82550
119447
20820
110592
56968
14268
18517
49237
122495
124791
14645
9825
73323
108092
115721
55818
25414
42489
38433
91148
34186
87695
84216
20
83788
3545
77740
108159
621
33232
13820
83172
21607
34641
62692
78575
48909
81210
127813
40333
74929
11386
50158
17180
119478
34808
72998
13821
77297
111432
104969
111484
68055
58114
111504
20771
61659
58172
128930
62281
91404
11679
14381
113012
46320
77073
60515
95229
27211
57256
4490
102140
68643
54649
119321
57049
89457
61247
70870
35682
41607
44768
16094
109662
102882
127598
130433
33469
54698
128292
95750
15031
8899
110131
128043
55219
56133
57486
19376
83344
114743
23867
54413
52314
78516
42662
109363
36901
103909
49162
72583
14445
93930
88678
124107
65740
85204
123469
99209
8831
120689
63888
23862
129588
42947
20833
53735
99080
78319
73111
51353
61990
96978
105766
114304
44422
17356
92596
81323
121265
10686
22835
4638
104616
111513
128746
39284
65645
121143
7421
74476
110760
71309
98338
109276
114257
119171
31939
82265
66419
105050
2546
128409
70957
108312
111642
115379
125668
73166
65631
115862
83852
88466
120500
57396
68907
118174
96680
3480
108245
104101
77957
87933
44339
45223
66137
27524
33323
98076
109789
99742
72055
112336
97079
11940
89576
77649
127319
84173
19743
61878
68963
103595
19272
58391
29919
88179
45494
126599
91660
22667
99629
38545
110601
12896
83768
45666
40420
117091
12671
19137
85761
84726
401
51769
96666
89978
129418
92913
43079
18090
23720
112042
121685
42992
39361
20533
100
84855
16060
91760
107523
115689
130305
87052
128585
83001
1646
37933
69021
14317
57071
23710
99043
57472
75479
64637
16378
73826
26479
59457
91916
50199
40427
82529
93191
79789
103062
93291
33572
119123
53979
10023
103740
53212
97075
101254
5142
98722
8115
74163
113039
65186
97873
81011
122659
42281
14576
7965
116107
41055
67423
76951
91254
107850
28408
53374
56567
399
15593
90140
119522
69573
100163
92190
122785
66167
62372
127927
33817
70488
71018
15784
4602
37820
96795
127261
80101
111372
4155
65136
21355
71578
11015
112610
48356
39423
34912
104924
39822
50505
63992
28272
120078
33083
120463
111792
99250
51763
108647
1995
122251
48594
17780
126854
86414
114575
123043
35443
94875
127198
100579
116231
67704
111594
97769
116061
19945
1609
89913
59768
52114
22833
88040
41121
55916
77431
21841
24095
129195
130488
26090
120374
48010
43870
116156
3352
27374
108128
38795
122249
104254
8302
107408
40887
119896
74105
25876
8770
75714
115789
68538
127829
7550
25506
37878
63466
102938
59719
87561
101061
59135
113652
90363
107146
26450
75448
110498
53824
52504
18222
45002
25686
26524
21338
66573
15349
95444
92449
24119
40086
77166
92657
36843
84716
118163
74721
17111
90029
3368
104672
60018
62504
87252
19310
38578
113703
94758
18004
36455
16190
36226
81457
41876
62751
102796
108450
78100
67168
69827
102219
107254
15922
63804
13026
100638
50895
87747
117749
9853
91116
91350
69871
22548
47530
89181
61126
30161
52867
79130
66617
69057
115357
17002
110934
47036
119798
88312
125136
55894
27067
96283
32077
42989
29015
45103
12556
79910
1778
130305
89763
92894
90583
28563
115442
7042
117744
45496
37203
39540
124627
103820
108597
108912
120823
88459
24876
109549
45699
18940
34372
72767
115223
66449
115756
13166
111552
128312
93076
113330
127546
51768
75153
87057
80331
59523
94099
67003
105020
231
106543
98575
104051
84069
76415
93802
41456
101291
72280
87156
120231
106652
28851
104382
42029
13535
117548
22509
10776
79552
4767
7250
248
79920
94307
80579
8372
57335
16511
113392
57566
123054
80895
30545
76051
26238
124348
117508
127529
65556
73592
116688
41136
102443
89998
83165
115978
76474
105674
126754
24954
110441
2932
25203
59290
97240
105782
67662
23503
122293
49982
81069
114276
130877
111614
59255
26043
104890
45691
22500
39374
119283
8116
80510
90654
98114
32603
75561
43516
7205
71243
68470
117647
74176
93673
45865
40344
68384
113527
63847
59605
32437
13844
42809
32242
125458
102065
58285
99277
16684
80785
7579
4896
88901
88090
95550
55943
120693
40039
99459
127899
111283
36857
114474
54387
130531
29267
94731
67843
11722
27506
127448
44159
41350
39186
76401
35736
10179
3614
3941
26863
84399
11521
31759
42228
99611
127310
98171
89232
36277
66558
86059
16488
103415
69461
70875
102874
98728
34534
39645
110450
62040
36022
23537
103390
75208
99938
8055
85387
103552
11996
112250
56879
23517
12938
99107
123128
9176
66206
81289
45453
1692
36276
61942
105108
105738
1745
76910
73394
36280
116556
52773
98320
21506
76310
70639
96714
45177
78694
51029
17657
90690
32207
74537
114208
45145
42572
106264
54321
108779
56481
99775
110471
92758
30645
84507
67424
32390
30346
9746
68670
15830
62519
35919
37336
7758
106558
2978
52935
54180
54007
70592
13798
86214
14057
128006
288
56630
103199
54609
34337
28608
23312
13736
121366
53957
98244
57718
86348
128590
67465
23946
13348
129984
59865
50684
6670
35351
53662
59605
89531
107669
130198
103330
62811
13183
100264
63099
69813
72391
117709
104150
101000
9949
117887
91294
63907
85059
17941
19183
82577
85406
43129
95925
84318
102995
15537
90989
7274
69199
19522
96806
45796
18648
69064
108607
31832
38256
40635
101645
110648
27272
74724
80576
37221
61539
40798
101128
15526
58739
120311
98103
13073
32369
62956
97392
4292
78493
57309
11566
16620
76831
108372
62416
95480
46364
39951
127312
84621
80586
97885
64197
107858
41537
13701
14008
103076
54499
115136
118602
113239
104376
85633
126312
5673
17517
92632
9965
96010
18869
21531
112630
95701
129904
43974
60109
45196
83926
56349
129817
33440
23162
62942
10227
64700
76643
24235
36704
71
8299
24235
113310
112675
109868
108550
118348
127386
70111
128313
92324
88980
18773
73883
53609
17605
117857
113718
62801
70711
38995
61547
104152
62158
124489
114379
126858
70061
7542
32490
70132
15841
56725
52370
128517
35522
29848
115793
31836
99959
113035
124160
57868
736
66971
111477
18341
53757
94124
81142
124468
2047
11617
97548
64205
5035
80855
59991
75096
88397
92482
14156
104239
18135
66526
101684
53657
96374
86405
85493
65262
68368
78582
123130
69104
14481
103535
87445
68238
66587
37516
61635
68635
49133
28111
1768
54168
108967
61760
129264
66292
23170
12348
39459
41305
78874
10071
94963
44177
96477
49384
109439
33773
127966
101497
102878
11376
73960
59251
79614
9476
96767
10177
78111
14829
38289
79879
68997
16184
10567
67190
82476
33737
79538
121936
75043
27341
935
38934
71518
97412
88318
49885
114
85213
20310
102992
96589
94270
31171
45131
103746
127939
55309
50785
11696
93598
130665
80693
109782
10160
16811
61186
43898
96350
52050
118941
123691
52986
26803
64137
19326
115121
114022
19440
69262
3260
122432
34779
97530
22532
79911
70205
19399
4148
120990
31095
97746
120583
111788
76456
130744
128600
6570
43570
93878
58621
31439
86497
111607
58242
19562
130933
42291
2512
19302
111554
5772
10662
15261
103302
33194
95172
42435
52593
99320
32354
83688
65994
21865
64405
11378
21537
61933
17949
65107
24739
76570
96546
111236
57105
23716
130798
56966
66008
2238
76268
46490
8010
86931
61751
111312
120125
25852
22676
41647
125172
55030
125335
60095
76895
58668
71473
98433
120601
89422
32468
14268
34920
129015
125504
92025
21659
125230
17920
87667
127468
94188
3085
4406
50047
64837
115719
39101
90689
7323
80748
84789
62353
75011
13812
8176
2608
85286
106609
123209
43636
8006
6406
78557
5949
838
39510
27608
126069
57430
115276
122465
20547
118361
126872
70594
52126
111519
109695
11743
118842
59371
96533
50123
3311
110345
58299
5919
64559
33837
129128
108196
41843
4462
55681
47792
5301
95191
75400
298
21550
59604
122763
42097
46894
118563
112691
99020
99010
91315
110764
86780
19614
76225
5831
22925
55498
64131
28844
120058
97968
26901
97182
8739
31363
21791
56531
36664
116982
859
36962
7460
60464
28654
49557
107358
16145
31177
75306
115156
122492
54998
70864
11034
151
76696
33960
55650
9755
62804
44636
107723
89705
10746
116462
121069
32537
41921
26661
18447
42780
63624
25908
103244
92278
75465
79530
108423
106642
23765
92507
98062
78763
32300
109097
78915
108996
11985
3493
118751
74789
48129
95402
33423
58875
80792
23420
91412
122713
50081
109859
34421
113705
4695
6594
74911
80161
86124
52263
55731
109889
13698
22722
57581
45998
747
5424
23922
12732
8917
11601
87521
57046
107003
120944
115921
56723
13292
76261
48364
63374
55048
82786
46007
59744
89380
120919
8833
44432
42110
64564
23250
55808
87286
80831
101807
88033
86255
125729
100765
95172
6259
57215
21146
113262
47087
5995
38914
60380
82256
87278
123754
6232
38992
38689
65976
128372
28536
74809
41733
70646
8302
64983
126455
95588
14742
97190
52550
100997
91847
22243
65097
98106
79458
86243
80297
126546
92238
119211
55854
43422
75417
48536
49654
114410
87225
115631
111710
115762
59368
22371
55336
67670
87354
50719
32187
102096
16837
84737
72021
108685
106980
6046
75719
55367
92289
24944
50841
53455
13083
106695
96877
88501
24159
15460
71839
111384
19
52477
96074
59387
74849
20339
127058
31131
71058
28173
2156
87896
112910
74177
65509
88818
80224
10156
13113
41441
35101
63954
94897
48184
39577
60702
5613
63736
76162
77452
44049
76181
129930
9051
4497
73707
29390
483
104838
100449
28656
106994
57273
10494
50100
122782
99312
130324
1866
112426
40693
36967
45308
4518
85152
84886
65221
90765
17550
10311
37146
61599
86493
36004
70651
90990
109711
100041
91473
83477
69418
120129
59400
126691
130623
109500
118401
98863
108752
120268
80217
18373
26163
125526
22892
111315
79340
88113
71009
96890
98424
108155
27418
53845
13087
98069
13763
122798
67038
105236
75203
5385
94293
3531
1004
93844
113031
119406
61636
90711
108602
10781
109085
3693
5235
905
115009
84575
89018
54946
50394
56370
32029
77812
110216
45116
44809
123979
36842
111847
98144
112045
117232
61365
115577
118237
24138
97536
106571
85774
57176
84101
96555
35189
87794
101791
36094
71731
55294
125112
126677
105688
50410
27634
52428
29554
72750
97237
22462
109592
78013
120606
90566
64173
50899
75071
51338
75037
41535
26837
29739
98711
110938
126295
2828
67661
97014
38922
8320
21236
32962
3926
126925
83373
31560
48281
112927
104311
14447
4317
82831
92460
124923
42325
25561
44751
117396
76900
119788
27860
103737
18456
126571
83604
13679
129400
20193
110693
37250
28513
857
70213
32439
127782
22514
64000
44992
4369
37239
59439
8687
120070
20827
2538
31324
46388
47289
17648
123288
36006
45508
95954
54462
41008
48486
68141
39336
68679
47762
76586
97192
48619
15727
129632
45330
38241
62560
90322
42611
99799
18689
51298
88797
39516
53836
120121
85904
101126
6698
78121
6060
52206
43003
60522
93214
91489
128663
1478
29096
45353
78065
126288
93972
93792
124848
8230
962
56336
98552
43573
25063
117241
94871
113861
25685
17635
102910
111590
118761
109608
58639
124821
30743
101642
54271
123957
62059
51862
125436
91155
97215
72429
86371
60116
35149
80148
68346
36111
5412
35827
79684
30476
21996
43483
13265
47682
61119
116175
28200
48808
94712
86839
42558
125455
57409
96829
118340
119468
17620
112704
79551
114835
54061
34850
43879
89211
114998
112226
125322
120411
16981
73935
19815
38977
117418
33080
86659
47465
18183
114859
96274
112895
70626
7760
107278
128035
104589
94547
116431
122209
76179
64910
105973
130241
99761
18780
88380
83687
131006
82630
73026
16915
25493
92841
55893
11840
125921
11480
59305
13033
126340
24507
125928
65894
32267
102135
62858
5785
65610
48217
127994
10717
113128
102895
9886
81817
121676
98266
34432
121610
49825
107459
7454
75318
69228
63347
87158
64078
74827
15392
77111
70095
39899
71967
4918
72167
43030
67776
77952
108640
115993
74874
119358
98049
46698
129244
48794
37302
96439
83227
27840
15192
59614
35294
90510
128842
98641
46597
61848
42397
61989
7887
112492
101888
79855
117410
42983
122885
54114
120935
100454
39036
64738
88740
6013
111436
86912
54808
17666
52279
6963
45506
67471
66577
80801
26910
64347
48370
73507
126196
90767
4424
3011
72188
106312
82866
58526
18224
74680
112641
8087
44062
20605
72825
1730
26618
53189
88642
81426
70855
9850
88389
116362
77321
23894
66091
104231
88242
114461
46666
83366
74157
51090
86377
15273
26331
38172
73799
44555
112852
55368
52642
25842
75973
125468
27572
102592
47585
116214
52946
118441
126064
10264
103731
72314
34158
38750
45473
122400
22139
92140
74694
96296
12158
30000
111569
38489
68172
54297
83044
49952
109665
4615
75794
54567
130083
103366
26087
46596
88508
79033
33965
83501
89297
6624
24743
123456
45374
70216
114784
67514
31284
58407
32738
43443
88407
13236
81932
25507
67533
33905
75459
46126
38520
20181
100693
37531
123547
126780
84127
80983
74742
118093
33412
32967
124717
58155
25351
39020
128372
9064
106534
28584
67471
8200
72027
24806
21436
22888
50313
88969
56793
125772
4024
95313
14881
104717
1772
7356
100426
85899
88339
44096
72920
121752
77063
66566
48835
102415
105586
46135
111479
81048
74720
47878
89248
15675
72684
110685
38563
122997
68582
95356
117697
72606
59597
1506
46252
61369
8862
15606
16197
97201
59702
89117
87881
5693
24611
5645
108108
130197
51780
88515
80173
126500
5321
38350
11104
78005
17963
49667
69930
86545
13952
56555
28080
73549
58061
74332
3847
66923
89938
20044
33053
18568
109161
120934
24261
2701
126579
1298
1826
47288
89813
82000
42716
95135
120350
53820
42068
7241
103488
111999
93786
117440
37482
121866
59917
95544
65126
63764
31395
23992
83808
64448
42560
61898
54311
66822
64599
49818
68120
66425
97106
26861
17353
8751
121996
6631
62571
32993
13872
34987
13920
107659
21355
51402
98453
81273
15874
32508
13965
47270
56500
97774
111718
99061
28600
34957
34811
93199
84776
102931
28552
50810
129792
45906
59561
120717
52537
122133
22638
66410
26048
36558
42997
47404
87960
10378
128677
103835
42886
11570
20033
99387
109344
679
67376
6872
35637
102187
100071
120413
74046
128624
40151
72766
43458
99713
62411
95995
90774
85049
31333
116822
121607
74330
33154
78496
84709
30759
51259
127595
42330
71292
95910
20602
71971
32214
27475
107608
3329
127546
96949
77375
125098
6029
19070
37484
105742
81481
2408
65444
35459
33741
51194
25994
108072
84349
104490
61709
115108
24677
58232
26366
95969
23071
46969
36869
55285
74444
13405
58615
70918
110355
4918
64945
116384
23988
102429
91054
105470
104837
25426
9857
7507
76620
35851
115579
29897
9270
46216
13934
33947
104448
40300
129917
127519
87269
35714
51733
30641
49119
110348
101560
28402
115266
35433
13714
8183
6790
104768
113653
111628
130194
123510
119135
75743
28289
103642
105640
37559
18786
119574
71507
123234
28803
70352
119682
116072
106066
40343
15642
24113
19619
117202
52516
3813
21563
66230
11996
28353
39927
125649
8909
39049
118087
128044
114792
15305
100614
89361
52864
119400
77863
124371
111563
106666
63651
100173
91667
38645
9444
107309
62759
29063
93439
115275
32876
115002
50433
44873
12283
90360
39450
21193
129410
26466
18165
113130
41771
118780
71419
94635
107108
18211
87935
87599
124877
20514
56700
85472
59160
66144
61709
121919
95207
24076
106122
128084
8006
25483
41885
20290
115844
81335
41483
114182
107801
59648
96240
18500
47356
36588
113136
23393
54799
69999
110992
48604
90513
36621
3005
18601
102765
64714
9448
66901
88791
115570
63913
96797
9982
105798
117087
125826
56061
27498
108936
32791
87147
74104
51291
3431
110692
33355
26824
34419
103354
6745
83024
62796
43366
86029
81397
15059
19671
90846
81960
108462
75344
14801
74188
85326
120599
60203
80080
45589
87702
57944
78380
43777
977
129671
47208
111669
31955
74033
15017
4237
80778
98041
67033
124144
52998
17359
8131
72669
108205
90092
50060
52477
104893
124248
6732
94421
53379
86812
8938
10009
13685
87318
53786
14662
85917
100995
126331
117872
43956
10276
122110
124734
108317
58071
117806
30243
75430
125937
102913
52563
84957
21901
105041
58779
15077
111773
22128
68456
67513
31066
78466
81198
118384
1180
95860
73229
102175
91120
60030
15059
101396
51068
8721
78642
109139
126527
108885
53498
121393
80726
106061
75278
102627
80030
2985
117704
60731
25113
55089
128245
56179
2483
78371
43491
3663
43160
116721
105839
3208
45679
120898
104604
96747
129620
52174
74814
125075
29988
128312
115396
110714
103302
59603
82270
52260
62588
68902
112992
87702
123991
110165
12809
126474
57464
56301
130138
100624
41950
104905
103832
87629
94731
77365
53304
93279
129539
128118
87283
28455
125359
71607
8098
97589
138
90368
18777
62727
28198
697
19357
21118
110862
32166
16520
37255
88467
15586
6807
130417
120491
110640
86974
84151
56933
9206
46358
55400
6253
2569
83856
540
74177
91954
98129
74315
51250
116906
5970
79448
117604
25327
100566
97394
57494
117087
3577
14889
1601
10385
14235
122093
121025
101209
75172
46886
110416
121530
102286
116669
124100
55070
117209
67205
15952
84266
10448
67202
70100
16419
15579
56632
41746
116145
22955
99240
102160
26532
114130
103762
36917
128365
94783
26870
98502
38883
73756
77846
29341
44971
63443
22369
100041
49580
89574
115994
2774
100023
52124
72875
116442
67703
129507
27116
52777
21390
126357
23865
47923
109415
127627
84840
106708
91338
111711
74138
130221
54395
20913
28491
99366
84356
50860
68336
2865
9363
53258
5639
109386
105382
78514
94756
42014
76950
121872
94791
98340
117157
118656
15191
95500
115212
100032
71136
75478
80671
14203
74628
3994
35116
103119
103361
119472
22907
40625
122337
32270
93883
127977
10584
68193
75419
105340
110207
21297
96141
73926
119638
82226
61511
3757
46655
45651
103789
117791
121129
53388
922
64685
57383
36038
36732
29672
24439
59640
70297
15704
91910
33108
12609
102495
101301
88029
76763
80437
109326
41832
23291
97892
124059
84802
101650
39642
130453
74367
26361
120511
127756
27284
54124
54067
63322
90857
83739
87761
19425
22964
103466
111335
56072
116075
82758
26301
73032
28450
106738
51287
70282
130030
18107
63269
83760
119757
102911
83142
63053
129273
72581
59737
25485
126705
113804
88807
86490
66471
45497
105915
89435
17891
86179
14435
2894
37865
40736
75927
66315
16403
127214
5526
15361
14249
68795
99121
2935
40635
51191
65988
38836
123772
125725
64321
119406
108457
22056
74824
43856
67553
49668
2219
85444
4775
16654
88339
42640
57390
33194
108956
73793
29336
114482
89154
43585
52205
57204
46520
92840
108395
112508
604
101096
107161
64925
89430
84546
86982
33182
128402
23463
82850
130621
108908
87625
16203
66175
130266
73594
99369
108150
16315
128705
91560
105470
41218
12693
31602
87739
105534
8925
69175
106138
110021
45265
39992
68379
129811
126974
101562
127142
19365
53340
126691
128273
9894
11823
63376
9088
85417
31673
117238
101732
29306
77726
76130
70525
90419
107732
27192
64881
116658
96367
39948
95607
10560
79940
32915
9300
75842
3405
5370
95207
56745
989
92409
66639
12812
24713
75727
98229
56387
61893
68890
85693
8547
13948
25146
98967
121681
52338
32776
107267
17634
72724
71802
28194
21592
104717
37494
97434
108122
42864
61570
33796
43854
22907
100435
56666
47620
45091
23824
104007
106984
92714
58629
115532
106662
83775
83427
97271
5042
116203
73466
22676
57856
14197
50870
79448
118914
88365
45811
95965
157
107381
129761
44011
130288
99124
100678
46836
13143
124502
19772
120128
86144
78401
104588
61734
31104
56943
27934
36146
42074
101400
58822
99930
115597
109693
48307
103440
66986
94118
68333
67143
70427
67022
111155
69643
35074
80761
116479
48218
74191
5179
37274
29263
83580
10790
90997
114685
67733
118931
19759
109807
89260
78582
78666
73785
57203
126973
46153
124189
90019
114486
60260
29374
50436
40343
99017
85511
121104
84424
2657
64223
89604
39931
93486
42112
50721
53412
25725
118454
41271
45485
97189
130531
124067
44783
73245
50198
40684
119398
43315
130703
102813
103575
29005
22177
12847
128022
107688
2879
81375
110345
67103
39907
19204
29517
82019
69925
82929
107745
57307
124201
22158
23425
123660
15153
68208
65833
65351
108893
54160
108666
108524
25901
81169
6458
48078
94016
3408
24695
96896
84783
3968
32927
124690
23173
62444
75638
93098
14302
52311
19334
7431
74469
42759
19
89622
110967
65853
23901
88788
120013
1495
66241
14842
82664
72699
62920
45609
76107
87615
11433
29819
91584
44360
23437
114757
106804
99075
76783
121106
20314
96117
128537
94783
7804
128557
53333
118772
63338
77234
76488
52279
78729
11657
67121
30322
84356
130041
75931
29392
86585
87364
59211
47097
652
82648
30782
107456
50652
107565
97491
70966
72611
94956
34678
80415
92441
88011
68115
24707
34174
13532
76986
112903
25189
13035
12153
109546
12005
88084
7866
98590
44376
67077
14615
45028
18653
45397
21413
69305
21890
118904
9200
94501
82788
43878
43845
44158
817
111960
68865
34991
125492
14780
16823
19610
27815
28976
129156
39820
117061
5950
7338
30365
73027
21953
75394
91680
67350
96807
29914
89241
84639
39114
52670
36355
82992
96515
80513
83809
77404
18307
118801
71824
33087
4552
91434
60902
33528
89518
100723
19517
95468
108061
49883
37423
130015
125277
129104
66293
91012
27946
24462
44579
67060
77133
80934
18980
42576
30376
102789
119980
48683
90518
60733
81770
95070
21095
11600
128599
110614
112323
17044
75010
89313
66927
112434
88256
61132
110466
23477
21072
7340
47940
65651
74400
125073
15514
93380
36577
45890
65097
25486
94573
24544
86219
45271
119614
107314
56871
117141
86856
38123
3114
30795
127436
70041
12157
84620
102
122623
108097
21174
129963
24965
86826
73291
18966
102340
35599
55544
17158
100696
81030
111731
125240
36177
25930
113783
12419
82801
99852
99276
120924
102966
130071
117288
41936
11156
70836
42038
2707
47862
63212
1598
72827
18966
74889
91794
121306
110488
16266
7392
80112
97296
119123
74281
2401
13981
56992
14820
96783
25772
114096
86635
128739
113095
72852
39603
124251
12616
81641
126958
60478
13781
128556
2234
32748
72373
94028
22982
51789
110294
30375
830
76518
18426
75111
78919
32408
1031
93739
129191
26803
76764
84754
24470
58787
26534
64073
51967
39151
14642
47853
99629
28424
45338
101863
61172
117711
64819
84154
38429
44041
114529
39259
120559
1884
114370
68406
34292
115401
31074
32411
11132
107838
117165
35603
35553
12628
99676
87520
51779
114319
4302
20336
11671
49640
122200
72843
36279
55947
25925
74708
99989
9383
113967
89476
11267
97265
26811
45559
81594
57885
77970
92727
34651
64063
128330
70204
76691
96934
26653
128470
80181
30955
17735
91852
80595
8863
33623
116874
64810
59549
60511
33727
68932
43406
123204
80199
9600
18943
125758
91194
76828
72656
52849
111479
5647
50107
50611
82339
15970
77264
79737
96151
108219
97472
56932
57742
106335
90555
43545
40074
19032
104056
73801
87964
16390
65933
37091
25990
84876
31777
117185
30632
104433
38962
11039
110081
89070
61651
61348
105040
7843
10013
70119
116063
107486
127051
42733
82749
86535
86278
122823
105567
59262
65553
62460
75653
414
99551
101643
85291
257
87756
115923
104690
126719
126963
83699
84717
57542
13975
58685
65385
23989
128804
50376
403
124784
93110
83152
80247
48316
74904
54742
107579
9385
117202
52160
9799
85682
22731
95090
85939
110488
79942
59557
106135
75833
12185
59780
2303
26160
118465
67688
50149
116197
118065
50552
109909
80103
2633
59084
128419
77537
113827
104926
86922
99957
26014
96721
54567
48746
60740
9434
28162
9610
68992
3225
85443
81177
63005
87746
107337
50398
24362
26415
35523
11355
76967
14361
91458
79600
73445
88806
26065
56200
62660
112987
25086
88675
78637
79653
6349
8305
89088
34511
17915
27008
37736
103358
108185
100741
60032
84450
20067
84394
110865
55590
95750
56761
69951
56136
5289
12325
13870
31355
68525
76531
13270
93611
34134
91907
42193
40483
100212
209
74994
118127
27217
112730
90413
4330
82399
19373
88780
102466
103768
68574
26984
68446
125335
96936
124582
130624
109261
7381
30907
46714
83912
44178
9254
118046
5013
51447
27457
105226
51656
102451
92281
78873
84109
51623
83203
35436
70996
40911
6830
43692
109485
33814
112138
103748
130750
105649
103301
108939
113030
3136
24582
65870
47314
33836
52844
52328
85283
80301
26482
5867
51680
118763
84740
4717
39314
36871
40153
110311
77782
46983
22931
56196
80797
3998
28872
80476
109647
1101
58343
91605
4238
82925
26403
51552
116761
79247
103880
70972
28476
130362
76839
80156
118054
30507
84873
26296
67378
125026
5535
14089
40937
28467
70285
121734
32465
99157
71138
11040
100259
129482
102645
104497
81335
129048
24977
67025
77223
128858
6925
105699
128148
83765
54783
115130
114272
8584
10355
50579
2538
15890
64668
43475
44357
3881
34137
76822
103038
105276
87862
72225
103686
59435
45650
53949
57411
70628
120974
3562
68414
127900
109261
65490
80593
32972
49549
63793
41556
59904
114372
44094
75794
47968
87569
120152
51849
121707
65902
23816
95911
22693
96041
68525
82128
10620
122474
8468
81248
112377
12030
18590
109205
121292
84080
58726
23192
2557
122519
64749
62461
105820
108843
7184
22716
65341
127336
74566
55976
62166
98382
20815
84859
63351
89340
35916
73971
80742
44384
24147
62047
56414
42737
40180
46634
126818
98906
69827
129375
90354
3504
60765
65102
112347
67949
87818
46616
64213
31312
102592
126379
129694
123407
80167
61974
81675
116083
4873
31346
29395
29021
93393
85809
71758
2502
1372
67504
101408
71199
65808
60690
74703
126573
125792
55978
63450
82539
102595
127663
113851
74115
122970
112474
66451
72065
43376
17054
57076
48249
48400
86471
77270
10722
41209
17957
13224
42581
85461
114632
113780
20197
44251
57411
15698
38971
113389
79148
121510
84912
75739
104290
27956
67638
85692
94407
8631
129068
111461
65708
46245
28790
21107
123516
39512
62316
10401
52736
104897
95862
36296
87605
116060
80547
13944
686
119519
127334
79835
109957
81174
24502
83175
109130
92140
37795
72465
100772
35791
52855
35408
82037
81645
56515
74481
121157
118832
84882
42821
92657
49672
79117
49191
34660
28593
63135
35347
17040
59397
115182
126997
9500
8612
79101
118630
100753
116896
60024
70453
21616
112879
105861
103653
63452
31304
47062
53537
19064
872
96358
111722
50544
44403
29841
85205
72996
92976
120552
90036
21302
104662
85962
30802
113274
33991
18360
82955
19815
78384
22336
41431
60191
128197
14012
123643
28430
61074
46108
47494
61946
11394
28144
112491
55798
57985
66624
128794
19890
56104
87759
41192
29694
42649
71994
11896
76640
90354
94852
96455
37667
117188
6815
97858
114314
20827
90430
11672
81902
5466
59166
12776
16861
87311
125267
72659
14224
60819
70381
34114
116923
27068
75306
15545
69717
16228
27442
15285
106583
122294
111741
13178
108410
118556
111036
91652
8311
70394
103324
90213
75861
31419
102990
92722
118730
97185
34309
1882
26933
104690
35997
12784
687
111303
28330
70404
127532
55772
85690
103043
46994
66359
116221
24332
53843
96185
115985
62154
35508
88237
21296
111369
119656
124286
73019
107314
90399
107328
109197
117332
80946
14122
130117
81633
125425
27375
20966
121885
83147
106656
93856
130141
41943
79005
23401
95786
44119
8314
26868
79627
96552
48164
59924
85136
41378
1871
61379
706
109199
39504
118038
59073
53626
117083
9635
47979
13386
30601
38793
96533
6185
1577
95602
48128
80583
119004
12842
124702
127318
39710
73257
92798
87875
2109
46863
129253
3980
108242
129959
113179
16674
116926
41180
70300
102937
50815
118279
116324
81416
26000
81785
87601
27578
46316
4657
108161
34248
17499
101791
30494
57210
43976
123293
14013
46085
39084
12194
50065
16254
11082
32172
32928
128008
73352
103228
99873
124168
90435
85125
74512
116436
35839
31042
12942
82155
35699
121103
116403
53199
91822
15825
110409
4726
8046
124422
50811
47130
5544
100876
63384
16626
1976
96312
13562
75328
68468
113436
68424
27832
67489
11865
13196
103328
42907
26138
54411
78606
16169
39742
733
107991
55568
111142
112717
63614
104492
32456
110745
110037
2260
43057
126663
4236
8298
9154
79564
76766
122590
16917
104598
59007
28782
117794
31264
71689
12860
85675
19223
29029
125418
19957
5948
49914
27
118665
113528
104520
20049
93201
83485
22309
5187
79076
26545
13485
88230
106110
90251
79748
123027
63778
7684
20737
50500
38948
92426
63361
124623
111649
92390
118969
534
98339
37811
562
85932
20268
105082
105982
113469
57495
128291
118656
5499
23765
1069
93730
129875
91321
42406
121830
24027
50090
11495
74527
89038
103921
6816
82590
84498
99207
70487
85033
66474
108299
85595
21334
128567
59605
127316
110964
117100
124536
98549
122599
17229
99618
85257
16032
59867
127664
6790
83894
46682
18285
27350
4649
122206
34166
87239
75632
2301
26654
29593
68775
3881
115188
90110
1376
43721
86354
112341
29749
79818
79818
21277
97047
48364
106534
113079
108232
103126
119869
61054
18737
7082
88404
23386
129288
122571
110625
73849
124872
6207
103442
62576
10089
87559
21614
11465
208
107968
123806
29958
56715
72552
51235
22690
120917
26697
4698
98077
129824
124567
28059
17489
578
116464
40875
129866
107963
20428
72643
101763
26635
45014
33267
36724
1501
54881
48190
1709
31778
40924
31667
88493
113477
82902
111183
103322
109600
115881
70327
108352
109377
98386
125841
109955
83778
35644
108749
60669
56072
50321
31361
82707
95335
64628
119432
96836
119510
36550
98545
20216
77474
130213
108709
59879
82043
88820
32129
60571
73630
102456
37851
51935
69771
32620
30818
22477
68264
8495
83147
124336
58816
114508
75972
23079
48064
64332
119915
36502
100882
87389
56718
47284
86530
34355
107164
37501
123176
8221
98073
65734
110678
4852
117669
49377
37473
17415
71854
105737
25910
23929
99002
84727
7365
43902
107806
55430
108234
96650
91932
78044
52967
17579
125328
8425
51934
101420
45926
44038
109642
12927
109772
89248
17780
96369
7553
55253
113784
79407
29918
8623
103337
128920
93350
110702
41750
70084
35060
18912
35662
126993
96956
88629
13500
91213
97054
65434
61561
11909
109473
40131
24836
88173
129379
42616
53471
5860
97869
36183
85268
127788
44806
57533
125636
7084
37163
36315
77169
72224
55227
112831
68145
21112
70389
81645
112325
36371
16007
42814
48280
125480
82946
73117
82582
81253
115733
4981
87114
82531
41164
41310
79247
85971
98843
73811
93055
4934
110126
39152
77158
34282
20912
14231
55394
91301
95876
36647
127672
111884
79461
44881
106292
31335
117998
57802
112589
102659
62783
68631
54118
103948
109941
2293
58847
77712
76105
20830
82646
55159
59983
28733
89441
80895
42964
13763
41124
7769
50410
37724
119653
129872
82605
94873
30135
69531
21604
11652
41119
84387
80283
95237
57263
59152
97531
116110
5792
42564
5869
88439
97723
65852
117172
56093
15675
29064
69856
56799
36833
120267
94523
25414
119067
46057
120288
18130
115588
10820
29783
25635
95207
110066
120873
21399
38147
87332
6437
43939
129896
12306
1306
96547
78158
118478
21568
93833
16471
91425
19560
53304
80620
114084
78719
68615
29069
67935
86745
13585
78755
116528
39221
42890
95523
29022
64289
2598
116354
70727
46537
115178
83033
47844
80653
30120
35250
102222
123953
51721
62575
12442
105026
12123
126526
52673
80738
24523
120608
36411
38108
68291
21868
77329
111181
117391
106351
44399
119989
91633
115126
35454
75739
67087
83298
25321
97207
118549
127543
90089
39198
59046
102531
13152
71169
97985
65825
20835
122508
55361
57246
29544
123652
79114
106874
103762
65433
82153
17089
54350
42715
1143
89805
118454
68230
42031
12703
34366
29508
9174
124455
68707
68220
95914
81859
8317
62827
16613
29152
54263
71974
86399
83807
64555
34441
59609
37245
99875
10691
54334
23153
53406
55477
112958
40788
123707
23918
53492
27001
53426
62666
20384
122133
130887
116298
72921
8132
48053
89534
37285
102316
30436
123684
55052
94991
27053
114661
1164
126928
125352
55498
19010
47686
110975
896
88475
103611
24814
10895
130612
78241
73561
19925
69302
73376
5151
11151
81509
53205
100685
118794
24449
50
111406
79501
95041
7387
63091
96206
3244
57371
20632
22254
105058
536
23150
62461
104147
47965
73356
103687
126206
15845
123612
64436
89222
128764
75588
39659
50897
45201
27381
75346
45251
7715
23776
9221
15102
86867
105427
18346
13166
126059
40600
118224
126595
63751
49613
99670
111716
122969
72286
106850
7743
64826
40214
96965
62518
115802
5552
113415
29932
32933
57690
75183
40648
81466
84404
55750
37261
58759
74097
50427
53747
114697
37580
49270
47376
87193
17869
28020
79091
90155
3798
86834
23909
44013
52727
86428
28743
58279
68771
58675
91212
126461
2787
788
76855
87191
56538
114116
14879
130635
33472
68626
114261
71052
117896
30565
27173
4693
58586
106264
94848
62384
62026
118758
106397
114753
74114
4069
41960
11813
62744
2100
7203
65531
2888
84058
21651
59427
67103
36530
58990
100575
105156
42179
40555
91980
72745
67728
96674
259
42921
60450
62643
104947
48136
37969
88629
122250
42038
130589
2992
104782
1618
10195
39242
4506
94253
60893
63933
30284
97423
122924
130859
71507
34031
40342
32415
106776
108071
129089
107035
19920
58468
38607
124867
106604
76576
82424
97783
118614
81942
100775
92324
83560
110970
494
88066
74151
61387
20928
104436
27738
12780
104223
99245
46811
13494
589
22516
121565
129678
129551
10413
57074
37086
4208
32607
113662
86633
130390
101204
37503
100093
62457
121063
79991
62951
78057
23070
124339
98985
127506
21005
111765
100658
120251
27505
114152
120840
50021
104645
119446
48500
115058
45449
85587
119266
78056
68177
74827
77374
38310
112330
46395
100767
102321
126386
32646
49307
18384
25913
17220
14819
46919
128986
115477
36098
25419
98557
25866
75440
72130
14240
123940
56116
59689
78455
44310
6673
15561
119138
84047
53871
100396
130442
23566
71646
125756
56212
120953
13069
82126
7101
27888
129045
5015
12293
34071
30434
110850
59937
105874
51908
74177
98743
108024
2795
46126
21262
9468
61687
9328
93516
115558
109725
92886
8052
50299
87571
64265
40180
100640
15319
47281
128528
13292
52297
9749
47363
82731
120599
107300
57534
41435
50405
25205
18387
53200
71331
39649
62669
1947
48978
25113
117505
27631
117999
125558
77930
74498
58751
118110
44066
74070
34319
41522
87362
86616
51271
3653
38276
40798
110953
95810
82233
30286
121015
100620
83487
61274
9198
15084
63221
58176
40197
49655
85807
27124
44141
32665
101623
102892
19703
14617
45890
54022
56140
2180
9567
107411
5833
47843
17138
116786
12581
99371
16000
2524
68920
99487
63798
78118
114571
127020
5222
23696
45603
91029
50821
89744
123694
21372
61564
12325
35989
107454
66347
92129
109634
75914
68469
115467
123757
85607
101181
5266
53906
117181
7790
122826
85597
71589
69872
69096
67537
75094
92793
113140
35051
12542
71812
27673
33914
2304
39998
69903
109758
106346
30961
88320
51188
99430
72715
43874
53965
42824
49140
107871
28933
56931
99626
114530
128520
38426
52555
64985
113521
14276
47053
17500
26818
118865
45174
60732
121169
85172
130635
99855
60446
30524
57103
111635
129954
129818
24437
52847
41570
73577
29647
70503
130508
129273
53962
127956
36627
106517
61869
19076
120793
108922
36577
16539
96715
81751
77271
86812
35851
76834
55595
96298
107359
112698
76861
106241
111444
101298
28017
21942
43803
57664
92446
43240
55865
15336
40124
92492
121853
101994
111569
111574
79844
17074
128113
45488
98825
74312
1228
3604
20074
56824
99902
127433
38450
45691
102603
18823
15917
130620
40765
59721
57212
2139
102961
113077
17475
12013
74497
8256
114007
54994
119830
62780
72068
116871
108268
39821
60111
109496
43426
80186
35248
12256
76547
73699
57948
48078
92522
73865
47626
2215
2514
104838
4355
105475
86843
21830
117489
30269
30087
100424
85263
18845
32132
26260
4645
9328
66081
64756
118825
109507
13870
23001
121764
90418
96700
48640
7424
58150
122505
55051
60366
125020
28817
64721
99423
115661
86551
85840
14858
116638
55193
100121
4412
87325
126381
9057
96654
61391
73813
84407
39826
87684
107408
30518
47030
73037
79158
54454
115
70592
109505
60481
64540
7251
125202
32891
122912
80682
118732
6698
66248
42853
106819
70660
130178
102129
79717
95760
32448
22459
49095
72274
110143
25432
102793
26101
98469
50879
80555
98584
121471
58989
27994
54939
66240
22124
87831
58080
102806
75491
64778
37983
118344
40525
108643
117450
11582
57289
82139
44030
79748
162
116305
58819
25594
88026
84920
124063
7833
34403
91576
129305
93392
119570
53172
28560
10622
9931
86640
113429
85422
20346
20340
72694
60872
128983
59073
72454
55200
10140
116485
3876
10302
101718
62695
35897
58672
16543
28888
66505
50947
120464
64738
13267
108962
117911
41828
119585
127842
128468
101942
82193
17743
122282
23815
78615
120193
82888
19997
44322
93028
5410
48198
103331
107128
110894
8156
34728
127437
37044
101234
47312
26437
34900
60580
4327
21739
102408
123912
18510
99804
94782
100703
117547
85992
124518
65090
75114
76335
85088
119436
38291
90498
36562
10550
66555
16384
18706
101283
12750
55751
71445
60062
82188
106346
120642
86515
128085
91978
79356
15523
60711
43066
116226
47186
129059
109673
112277
73101
54936
66293
61465
93227
25719
98027
103778
92274
114412
122484
62486
127162
47163
2859
56152
129351
109205
45723
84795
106219
6629
33079
121742
67340
76145
106897
114527
74132
85498
95732
16161
9362
30953
77626
102589
56672
44582
75295
17875
27922
66708
80361
24012
113871
83220
80164
112151
61354
125887
65874
36501
1445
98953
27171
68785
44026
2996
52240
118159
88494
16900
3248
97856
47853
80875
69374
104526
125457
13597
122401
22307
80305
71690
46319
63105
23838
126483
44184
85192
121299
110058
121693
122744
77939
17793
60457
121965
20789
112698
109052
109284
129598
112301
76068
46380
62104
14370
19834
56489
27968
11163
78796
108273
82853
125115
40306
106691
120526
84490
60812
110753
63476
51433
102425
10343
69226
31811
1237
90016
13437
110289
68228
11963
91518
13224
58343
22550
27595
78177
79039
55563
89340
26763
32764
41121
20806
73071
16741
10261
26489
77553
121014
89966
128986
92368
100309
67141
124179
101546
26085
6544
80764
94313
18507
41210
107537
76851
63761
4060
23956
11728
59623
113297
38492
92388
23346
59298
34387
40087
69559
60876
117640
59502
19770
115555
20798
120080
51624
13905
90554
77709
20449
40246
40950
38956
81457
17415
115807
14146
21476
8692
25874
81099
121989
64366
42415
14263
123665
76802
54351
62152
6607
40919
121654
26377
25402
11380
15385
77026
25285
105940
23663
45734
15114
64613
84691
96571
82029
69426
110717
103505
78118
5520
53532
69035
69886
95948
83299
62479
41678
6578
124632
48285
47497
115214
74663
72900
126595
90048
18854
20808
64916
42518
66543
80031
107131
20162
45530
58088
89588
25176
30521
36635
30696
84054
105670
100582
48930
57897
31990
90608
64475
25550
7822
111973
9692
82485
53801
5215
41461
72655
26024
106378
115173
92567
55337
91233
112729
100867
18249
71245
126043
48771
107880
25667
1753
82479
126250
50683
9304
27168
10219
73780
52718
18041
54681
62410
100526
108482
67626
10916
50065
93650
117294
34167
55145
41559
125400
36802
11354
12577
108047
6326
61348
84856
31993
63101
36263
27171
113784
45567
54339
124004
119347
107057
10973
42956
38396
111500
20366
106022
122416
70432
68600
108638
104599
123745
19125
98927
29475
30479
111504
6450
36805
41781
91306
68799
104882
127569
95970
87595
42065
19238
80527
30340
126295
91500
73297
33619
71928
93663
8569
63272
33023
77169
40838
6550
69842
59963
105477
99317
90443
85910
105768
127248
127691
66002
64975
101501
62500
29874
58024
104565
49112
7479
3833
44335
98980
77130
77955
39836
39722
86524
103109
72745
32622
12875
79296
102464
72839
53701
70710
32210
8539
45406
28386
5158
111408
93362
106660
42836
123236
33612
16329
41276
41092
20163
85611
9000
97293
32494
48836
5943
119019
20873
78689
20569
33749
26913
123033
106588
80614
62671
7726
89154
108077
36112
94312
88414
129474
69900
178
121638
103513
16508
31842
13533
36671
117454
22533
2892
18876
71369
8836
6823
92243
87525
27392
125992
114438
19354
101508
63980
82025
109234
22062
59031
14274
116375
16373
12677
55203
16551
3243
27644
33059
35086
41177
69730
21468
63710
72623
40344
4008
81459
47168
96251
37912
74560
91171
21278
93914
61607
85258
44868
39769
107321
103899
54043
92624
120272
66720
16755
5751
69964
44400
38811
105050
85577
108541
126518
18216
50092
35790
22224
479
82958
118475
38391
26447
78574
59669
120361
9109
13856
34157
48878
121177
6984
102921
82729
127256
38570
99484
1936
108534
12812
40747
82512
98390
18216
77958
116606
68309
113748
7758
68788
65635
126233
107180
92082
73735
35777
81371
82844
49633
115529
650
39738
122513
103571
122467
118698
11069
90880
120634
119603
103692
30309
71043
71010
48525
17929
56544
116834
606
64302
54551
66241
59463
30659
27251
2126
66436
108622
84970
116070
93079
85620
24736
84521
58120
16132
72147
69189
107012
61709
57721
79632
92018
128764
19571
9471
15622
76115
126306
16228
9346
49785
82469
68809
80444
109720
70936
15808
87270
24834
806
49278
110455
25543
2727
37503
41675
74874
106692
17615
5511
33341
97247
97529
31034
116818
107000
46656
61862
102234
62884
71208
20947
14281
8945
101391
124001
79881
117200
80199
104716
118006
129477
84099
12477
1132
121602
54152
76006
97222
71767
81517
130564
37943
47974
30526
23689
23903
77182
85551
126137
8994
25687
16013
23275
34633
117404
16204
114514
103532
96403
88158
90467
94809
41185
102944
95941
31715
26025
40876
128938
97792
122393
128430
4663
39296
27884
28353
63199
105066
113904
58264
114060
8520
74277
6263
43153
60610
22467
26595
33070
118870
114754
123537
82607
24867
95410
47477
56583
121435
88353
54449
88155
79674
51807
92819
118970
79691
121172
51097
53685
104004
109362
36673
112524
52567
42936
24605
113177
65403
51201
15176
53201
34883
7641
4737
59750
103051
52214
116333
93414
9495
39710
50498
89169
91517
12245
77068
40136
2345
128165
93821
106349
106455
130494
87802
27951
42358
112407
10056
107761
32536
25232
29891
67419
32874
34628
127170
4853
86842
112431
98268
96337
21070
17694
54434
112587
29939
430
21652
32284
128596
115473
7561
103979
114896
95363
858
26182
76699
10915
2872
109235
36147
32763
45583
69021
67391
41681
73875
23161
23040
41071
119498
44110
58765
42860
25626
88704
43291
47278
120988
40815
31679
128549
13722
15503
92841
14581
41686
38468
25496
44558
16631
61643
77321
62214
130665
13640
103895
73468
36801
126936
114539
25227
39974
42232
68087
65600
130936
111378
112878
120852
21121
13486
118329
34844
28989
80098
49425
70675
118566
74921
115233
4126
5492
61482
66340
5085
75122
39164
78553
111923
35028
62020
6078
75002
104252
74166
9531
104116
54472
122409
93896
75594
4823
81154
110438
33813
30180
28791
104488
17675
103712
88650
21801
109204
19060
88141
114290
94183
127305
61771
75034
31261
123792
81113
106264
96972
24207
115795
70017
78679
107132
32841
23201
111956
113995
2567
14697
13104
31358
119185
30779
3998
76763
52580
113203
95824
9649
96421
58935
5883
27120
2897
37144
19840
84010
12336
116813
108217
128131
55758
55825
104192
88599
79026
85076
71523
81594
99773
84627
112952
87886
115406
116951
33578
36914
99082
129402
46563
64431
57265
52446
91551
60162
89591
111392
13101
101927
97133
121318
98987
21819
46071
72107
110418
125098
26111
50869
75620
125884
4424
57500
82698
119830
43379
116276
25672
11389
114606
72236
75820
40799
124682
36300
100962
83201
16620
114063
54057
113753
104309
21972
4500
19309
94079
114918
13335
120190
34716
88955
115002
39140
15383
66628
27899
58763
51833
53571
70152
35367
125807
14901
76167
119418
51201
46057
71547
67821
29048
125604
50502
2285
16504
55002
21594
110583
38848
34929
99701
73564
123884
83631
112705
8196
19188
9532
66959
71021
63103
6039
106388
57839
20940
51483
46185
72141
97540
117732
8890
126588
112265
59392
128874
128769
114394
19396
108281
22171
54326
76910
95735
47138
29470
77368
55334
48658
86900
122293
119679
18932
128333
94995
76771
18201
15407
122956
90343
112947
109616
99233
108464
90809
27554
106266
88507
10876
125662
65716
33047
48916
11554
128783
96055
41024
75079
20317
89682
30908
11539
78289
49840
8800
42213
126611
27001
57620
118495
117344
39495
97039
85506
16887
56777
113060
123153
14212
123936
117744
79928
25912
35588
91482
23623
571
1435
98702
20889
91117
129610
32428
38335
48378
41228
80548
43917
68229
7096
31340
54502
46591
128380
8936
63479
54085
121996
55560
68297
114860
42232
17153
9700
77821
108635
33323
78392
110070
954
99281
70116
130564
637
108451
47871
41865
57927
91788
110095
65023
123129
33525
111614
120437
42461
44021
43450
33385
99582
111747
17173
10742
128900
26874
88563
106463
60197
35884
85462
61151
4093
24506
60644
4731
1885
108515
46596
59812
69231
25619
124835
61288
59144
105377
50653
101605
18327
94103
3918
117909
74778
21092
128651
72606
47966
86143
47998
108163
122027
2388
38243
126120
26894
98887
130851
28779
76330
46376
88591
14489
71995
82354
75778
68
56659
126431
101673
74986
89463
105592
61823
33169
126684
59403
105776
43578
14474
22702
20669
5429
25090
58912
477
51984
26727
257
80763
103057
46633
38282
117547
118628
120636
62253
118696
46223
57612
89298
121210
16003
63818
51961
49173
59430
111364
23877
103008
125838
46579
123677
195
71669
51518
673
123653
78245
930
73344
50231
47563
111626
36706
35119
101190
98959
22744
16341
25499
112042
6479
41503
44788
58441
90676
104218
38733
114553
76154
33500
30060
68759
33695
101729
120277
34368
94310
67451
35298
36582
117682
82861
17136
23316
117981
118326
122275
9653
3595
16702
121695
10075
58205
35411
68516
17809
8557
107249
1290
84711
9677
31350
22398
43373
2007
11604
77741
96317
79055
113040
1827
65665
64829
18963
88981
51738
6217
80184
61391
9813
96886
52014
19888
24020
87425
88404
41829
95982
64581
43120
49621
74259
74470
72020
117632
76478
83624
64301
41723
31607
46269
43551
97272
111099
62514
55181
31765
68732
4293
93157
78545
101179
14099
98433
125199
101525
55765
35957
66435
120346
79077
116057
63533
22475
57005
50093
98953
9557
114395
9605
41164
29592
53156
7364
9619
115670
62545
41385
53330
66838
3470
803
36945
17569
99236
31073
119094
23929
67030
54458
13204
15035
39443
76737
37510
96448
126831
5392
106005
110154
14997
16097
8674
68153
23461
18294
52751
86006
59679
106082
21772
63149
106885
58717
80718
75050
89790
68741
98979
25748
123199
112183
40783
31570
57849
78294
128018
53608
83686
102951
32690
98683
119048
41364
35764
11437
59658
88515
97443
119337
63525
119215
51414
39339
46860
1061
114389
5579
69802
82296
31327
61929
63408
72111
93499
121257
19333
90445
43793
103019
62324
76483
70630
50300
117847
106394
61737
46434
63837
28108
34699
127363
16251
86114
35630
63111
87175
18947
68690
25905
101243
100018
87834
33579
41057
50261
23764
60390
9634
67557
32337
71958
12968
102967
122258
130816
78289
52923
46178
11054
81031
80877
7345
97282
35919
42975
29321
123094
61922
98012
17927
32094
66958
105761
65673
108015
24950
89438
37333
34584
25923
69670
106542
38892
41565
97728
38636
119854
19579
84814
130908
100610
34619
7182
66820
70539
50157
96142
62561
112080
63082
80489
13102
130040
55178
78775
106983
80129
37141
13244
114713
63065
82914
90184
101957
124479
56840
9521
113261
76420
94335
113097
45958
128954
120279
112779
68421
39365
77849
130983
20373
9859
80400
33475
8827
4506
112250
115810
84635
18320
129054
68277
81385
80896
27389
52270
74303
84229
61791
56492
29577
25054
38517
75536
22936
27725
57243
91358
67090
4020
91269
87463
13879
40597
120938
22706
45103
102116
7444
129739
120436
5426
66944
70749
86322
94333
123019
29553
47490
53738
86045
77068
78792
124562
21532
101729
21215
78775
62015
88305
82795
22212
44696
96674
62809
34562
119380
107912
5607
126824
106579
126043
1178
42451
65721
87500
5712
57668
117053
53203
111407
72026
130271
59127
65516
20731
29784
86732
99506
91799
43965
51229
114011
88662
16831
45748
123224
5139
22589
128831
891
129168
123803
2069
40548
58452
89569
46260
116120
75550
99463
96455
16504
98662
24511
82020
119393
54295
37680
87827
15023
81646
7984
129034
39236
24815
43711
31388
29954
66300
29148
30845
64396
21879
32914
104944
80331
122483
20133
65379
66961
119596
30763
83465
87187
55274
34414
75508
109569
72094
32264
124592
22668
40248
122555
61904
65064
35194
93293
95018
101494
122441
125864
34818
13248
27706
8691
93579
19118
28824
27886
86079
17348
58649
38473
104535
113923
72887
48972
92421
13909
81236
85941
36578
121484
77424
98482
55476
112618
60703
19423
83040
52072
14215
117859
65320
41921
126550
27827
61039
24302
55714
16047
41650
114363
54520
15114
97215
127407
64086
58564
10244
14250
13433
46822
4662
90858
14233
60139
72404
74936
79562
24373
127009
93777
11160
61257
4626
6638
89085
65666
30940
13727
81713
72590
128090
5161
87704
94233
1496
20718
21725
11740
34968
35159
58563
39631
126017
72796
99770
67349
16660
48260
91722
12597
10965
102882
73855
15591
109520
31868
81257
9388
45595
31898
81979
42613
37059
38611
5775
38555
59330
27500
50296
94298
62659
108859
2857
57604
50583
102627
124954
67243
19815
85604
79841
30780
57415
22624
46372
35863
54492
127629
45252
100087
28456
127231
11628
65515
34770
17403
104071
94100
44904
23295
57327
107563
1082
60184
34096
51665
31740
27978
118908
51555
113582
67677
82336
39925
90301
128708
75789
13721
125265
121041
113808
22649
117200
125437
88165
20898
11768
61164
114999
56672
84459
41254
33164
85541
101438
67260
6134
2106
95238
125042
53662
77748
61648
4926
117674
20877
2562
62391
34599
127827
52360
17335
19405
38488
11700
107570
59386
23469
37662
43313
80141
122121
84567
113305
76590
54934
49493
82724
57040
13659
76694
110702
91408
7270
115628
78010
28148
118190
9329
62747
114946
61689
80082
3279
100177
91783
110849
28491
115252
17439
71805
64321
8488
25300
46555
85078
80234
96048
36730
6203
109708
113424
116905
70044
120695
101462
16982
17771
88580
26311
80518
72454
88000
29528
75733
57105
121311
55510
85596
105491
72949
26329
38741
81437
51630
85296
35443
792
50272
72173
6995
28908
54526
123901
98952
44149
94291
115934
61920
51799
11173
11366
124254
99173
40894
68915
25206
31134
124426
110803
5553
66303
6060
44294
16669
57690
129590
52112
58483
48791
124286
65478
77699
47740
58307
45580
91889
21526
30442
22737
73326
41616
34103
66508
9717
74997
4351
34924
106131
128777
14655
111685
64009
20715
24907
80678
78406
23426
1718
5817
72217
126004
71295
18844
42672
129603
64424
3489
20057
94867
26226
93383
5411
60329
28819
15128
4255
33171
50052
110386
30876
64707
90999
94885
85423
115907
44491
32757
8261
46210
38574
80478
41142
109869
99322
83815
108400
32675
87304
128458
127542
113531
90769
1881
42788
119589
17009
47043
21688
67062
26358
52564
697
117357
16378
86120
102192
60869
118877
110453
107079
26379
59859
17150
5177
28110
100965
113577
60785
57197
110963
57255
39656
70661
59136
82445
59178
76145
129488
80866
12135
24774
2358
12833
11060
18736
98953
113252
79606
86759
92634
55613
113138
21421
72763
118315
49531
42656
100821
110316
99854
80712
36499
8438
20301
95635
90883
79479
40709
89300
29273
52844
114074
31632
65677
125134
50368
33559
107315
129974
120318
68877
54516
102384
90298
127279
89628
8758
38864
59377
119074
7646
9017
24502
16084
29319
120137
106968
108798
29774
65196
7000
82619
48198
38632
17224
42261
89000
50783
18504
87903
40029
87381
11347
11342
46607
7554
100970
55365
46418
29275
43368
54064
38292
67870
70149
67611
56935
46045
45338
86710
111241
52338
38257
28367
90970
55481
70628
48898
106265
89132
5729
15222
45441
17076
26564
92049
24631
127534
16342
71049
25737
59710
125114
64030
127580
64191
569
53444
110236
45907
9082
90405
98245
47339
118772
58143
102820
58329
107042
78013
16389
112771
93236
61831
129848
119800
22808
23407
116263
39150
94456
10928
98861
88498
74958
95369
21617
75528
17741
781
121435
26823
91186
88609
74162
78887
15680
45911
6144
122722
123924
22533
104422
86088
84364
103198
74817
107172
126605
60008
15251
89989
70936
114112
47416
14823
78409
69033
90351
96151
69815
80714
122974
29929
38251
66065
108816
53932
111976
114960
45582
104828
6422
18932
59845
90786
122130
3590
66887
117663
63598
82138
76581
3462
65178
123997
18285
12515
61958
108636
108666
701
58279
100569
30631
96530
35562
8375
19390
16466
123336
64973
121294
129758
83905
50067
89472
74964
53657
25287
61555
117255
107425
7064
120718
41531
131061
7931
54047
61948
116568
31641
62649
43775
1138
93280
9233
36700
101656
28624
53166
93920
93597
43389
92606
46430
93456
51006
121394
16042
76294
51878
2225
52647
58942
122943
94179
58932
130875
17154
120880
116371
48795
52457
29074
49934
14666
38307
86634
116322
66931
8729
79170
29456
52118
40704
75887
14502
91710
66209
30544
36932
118087
32770
89580
45958
24641
52687
104890
24444
69841
94698
9743
118636
16083
38817
37498
30749
77125
124133
15999
12984
1790
95169
42441
53908
4801
118328
68410
96512
53465
98955
2372
40481
653
91952
86439
25294
13567
60257
49739
83408
23883
59482
70973
39966
98300
108471
70716
44353
101532
86715
57337
103322
50813
99778
26158
55614
87034
94569
21054
9428
62452
23427
49909
63105
115379
5276
88399
128947
65533
7066
81283
89416
66549
21184
129382
33777
129656
69026
78130
100116
24670
4395
72367
75483
104174
98525
25
60136
62022
21080
69564
124474
44507
119473
56507
28814
124749
13835
26689
59210
20901
107973
17554
87450
129157
15865
121227
127741
84891
68285
96786
109561
72681
38081
53972
45783
5534
53998
105919
67557
75078
44412
60959
119585
32813
117467
17327
26491
230
44017
85701
21131
20918
103256
108582
19003
119121
98737
15673
72940
35951
112459
51430
108632
19468
105402
23343
25002
28328
129262
92559
103406
42602
22447
91919
75416
8842
109247
101907
9072
22192
56536
30203
43110
28720
7713
62113
16769
106451
77786
89710
11330
59173
10068
119962
78641
115470
12233
103644
12727
10423
65131
116133
53026
87578
76981
128442
96420
55156
99277
105492
77348
24741
4624
120458
53462
12337
51499
70231
118788
129286
28869
130118
57387
38937
119008
4957
23336
169
108601
36063
10593
42660
21124
63619
130239
98105
60989
95587
22189
29194
70008
99537
53935
74632
88923
107397
86969
9351
46557
74686
7565
75426
73732
64952
114364
61669
69909
6628
61838
47438
42691
72431
90099
63815
4978
89266
30849
65967
53781
53038
95161
123789
21504
18025
67349
110427
125422
23247
119778
40907
97933
127343
116334
40593
61224
99626
102262
61
106254
33029
47500
17873
105460
6527
81688
110439
95793
112537
45334
18502
34504
9424
11220
56008
27449
78569
35363
21799
101816
24070
62707
68677
20341
47969
109271
81565
16523
80461
81627
122777
113490
129127
9578
87879
4582
91266
67246
100375
72732
112580
118877
107236
122004
130097
32172
18381
77595
67535
40181
48339
91605
102888
117017
111947
19785
95216
62440
36308
44605
12995
28013
27024
11050
37591
114903
15632
128857
51077
116007
70517
32585
103813
46681
23518
102838
78853
41899
49361
15317
82080
97701
106922
53896
83646
87797
73681
47790
19166
109989
92395
32161
6930
119419
43212
44521
103250
58844
42307
23255
43780
112824
55841
16521
28434
79359
119359
107287
121258
37649
122604
72267
4278
98455
126163
87924
55180
68773
4642
74346
47690
97037
106508
54621
85385
18648
99142
57563
77492
10377
80819
121272
123202
5588
6721
20564
84947
126081
127851
75133
32658
119384
16328
36936
86767
11420
124860
10875
80193
129502
85222
127883
95467
60658
51432
49780
79306
19503
107344
25726
29880
57091
15927
22010
62679
22648
42574
16554
17657
39354
91687
50315
27666
108016
87251
114433
119436
81039
125308
68557
79469
79458
65368
43865
9044
116801
93645
88350
5232
69917
114077
35112
127008
130004
57123
58615
21580
99697
75169
39238
7979
35785
89553
35645
12729
45733
19006
1093
126772
13243
69650
75170
92701
3946
119035
101746
120747
81608
59024
125979
20454
42029
30020
16390
40961
87143
75006
62542
55768
19103
101780
63748
54888
60261
99393
67617
105994
118400
68710
101695
571
7288
45793
93272
11235
33756
63946
910
115364
122971
126890
4746
33928
25838
21137
74890
112981
96143
6360
37677
115246
108140
101425
39063
37329
69747
106680
12252
57075
44319
113947
57646
51607
28668
19846
62842
62424
83793
63753
46716
75692
59571
51463
109620
85409
72600
53438
67318
37671
59798
104995
21845
36866
75349
60908
74196
14024
36517
86448
71099
80836
69323
128745
1371
97991
17519
64214
29343
101312
127967
76059
45932
56466
127522
24481
10803
69050
77919
78121
106721
6646
52044
128567
43512
127393
58403
117708
10345
94920
73084
81444
44684
11335
79117
46056
109326
96637
110270
7597
66877
107165
83657
112810
32559
80107
6219
43362
18086
84138
121483
124807
90784
42455
122302
3225
38777
49634
120933
49122
13482
62946
130567
58167
74281
78612
104223
52536
44177
83421
60133
111055
59514
12718
92793
92073
92826
99012
4363
110912
52078
125846
104647
11791
37229
95878
15016
76006
14440
4877
125129
27922
67823
124624
86089
11033
72164
59240
63569
116342
11589
123702
96325
71103
5349
58046
32104
98175
25986
36467
78015
78064
31241
51590
89855
68471
16396
104871
13405
30836
109749
7462
58759
46500
1014
13776
57533
73179
73017
121102
58449
84606
113733
23702
24638
119082
81748
56742
86185
107734
93210
33128
54726
124451
84718
13510
61850
101115
118381
75256
879
97058
82718
59638
12487
83733
73415
70020
25840
15360
60051
84289
99966
42712
107991
124604
30722
58667
50275
116907
35329
12413
18963
90055
5792
103681
103565
67643
73724
90875
11827
74604
56861
94545
3170
69348
47206
76585
8297
73046
91945
68348
26263
60840
111060
3182
54372
10710
61849
104647
127617
97178
117060
15508
56162
122853
119189
28655
59424
61842
119530
71251
5374
45320
34724
8544
114668
81931
85130
122965
23905
46003
60241
50169
106843
40229
53351
30144
50939
115201
3719
47484
81307
120780
62992
6397
112561
51110
35053
40913
112952
23511
112164
118326
68831
15816
126870
52428
97747
80928
44321
121653
126932
104563
40750
102703
13720
94101
1775
64660
78230
5495
112144
28466
126275
44065
34863
107764
95175
69916
17605
77055
93428
129769
64309
31187
14513
60107
83615
112261
9964
127937
102842
5824
101428
12520
108527
115148
106621
110303
48736
53780
115798
29809
82246
111001
73874
117109
87693
37977
55954
105298
115032
18310
103995
48269
49497
118508
108376
2041
99697
118340
129978
71467
124164
100334
83987
101620
84410
59537
80851
2075
113317
65577
31884
64491
45506
105758
50528
2127
12663
106482
107425
127695
124792
80348
44892
43218
67784
22196
45259
36410
9465
44165
107877
2557
13427
60793
104177
97837
120330
53956
99912
102575
119533
724
35994
33967
106482
86522
36094
119145
61933
12447
115768
55653
92795
29588
98871
29508
51785
13058
65918
61250
57223
42723
63807
70650
103516
36913
37416
92774
90869
6256
64277
79331
6981
100271
113298
113463
55722
18321
101537
117655
30768
86233
42236
123564
115822
10036
22000
36535
23094
87918
97785
80318
130641
30520
19896
103086
67433
57312
64788
27231
63569
129066
106562
70550
98265
88788
52941
22915
107109
23406
9498
6806
109640
51735
130370
94390
61771
21298
130925
84865
109216
97638
34111
108785
128158
54008
80799
64520
111320
14516
91751
43817
12510
67241
114367
110775
24957
36237
2619
995
59643
12117
7801
38211
63852
7099
1529
125623
28397
1382
79417
6541
99020
113528
115326
96107
36464
65054
29555
16713
79570
121306
60530
92080
57475
43826
71783
82432
80063
74402
83427
8634
86520
91228
46846
19300
98327
48375
13852
126724
49758
93269
2193
17706
75725
117520
113813
112190
51502
12296
128903
0
2530
58361
92080
60005
102187
32791
11366
51178
107194
94793
59813
62642
54950
106659
81942
22205
23962
95794
17858
73720
57991
20051
91427
2645
6499
74168
114835
58001
86465
112666
58001
88995
39955
19009
17929
11071
51801
29295
62249
27923
124088
122062
90565
47966
97649
41435
70172
121612
6158
88030
64260
64149
108081
24615
66794
114581
98784
50557
41510
54177
32151
99512
12100
72107
118521
30029
83178
39250
59324
14355
67173
52341
5346
26666
100307
102995
68102
39407
93535
74260
127437
26724
7337
104447
51339
74132
87956
19051
124689
129466
73228
25769
97906
85329
97876
85356
115358
49982
124606
43611
64337
60708
95952
69683
87374
65187
41607
24404
104595
4070
98664
100960
30794
106002
74335
82134
49062
31219
101185
42679
29614
43342
68448
127520
128671
35252
81804
112957
85234
75339
25496
18500
4975
121448
88183
92349
55564
129790
116754
29087
2789
84346
130047
33583
59276
73311
115717
108338
104530
85831
19946
3072
129173
88394
130593
126772
123647
81325
108657
77809
25592
3082
96309
30567
124530
53421
122917
49022
52139
108599
78109
54928
61873
77085
88512
121150
19324
73157
98416
123854
27916
118362
126927
26017
75685
126448
21717
68260
76701
130375
14997
102294
2385
111307
1789
126915
33656
124706
44866
85795
102233
122975
9652
33035
68988
98164
23113
88312
40249
121529
81095
68166
108820
76950
94183
53433
72326
115901
121693
17955
115204
5618
120249
117589
116925
122039
113432
19509
115673
27226
105305
86835
19130
114957
119870
88118
82049
11911
45359
122298
2368
126454
59392
111188
72332
22504
33549
13586
7333
24170
31541
122537
29789
20719
109054
15642
11686
91414
35152
127359
118641
9385
83122
6699
124342
71920
94817
75319
83831
9104
66545
86200
4486
125938
66316
76818
17370
99866
90404
24703
124036
121946
16168
22753
11593
125222
38396
23279
85564
73548
19566
73133
82933
102689
79832
76203
43537
43578
20450
127369
52682
86995
82497
57169
81861
17741
2915
99231
117607
93320
123934
110572
84194
9030
2253
95787
3180
40649
119066
88745
114197
7560
30806
66058
110249
110639
11189
22715
23145
